vanderlande.com: 0.1750308289739855
iat.uk.com: 0.17468800514018124
passportinc.com: 0.17018131734582204
berkshiregrey.com: 0.16955189785370633
gfps.com: 0.1652308039574787
transitscreen.com: 0.16422515227558615
mirle.com.tw: 0.162625822944395
ars-traffic.com: 0.16026761840500847
proxdynamics.com: 0.15677027425050113
lulaloop.co.za: 0.15656625329396434
