berkshiregrey.com: 0.28281716520019834
mirle.com.tw: 0.24727106181253355
atsmunich.de: 0.2405972765048486
gfps.com: 0.23140353026716426
geze.com: 0.22064548905907738
topconpositioning.com: 0.21714949949361195
ars-traffic.com: 0.2118142263523848
iat.uk.com: 0.21176876394167032
safehomesecurityinc.com: 0.20553719098531142
realsynth.de: 0.20223690495565266
