agcode.com: 0.22346696717871875
farmersedge.ca: 0.20852276797325614
baramundi.com: 0.18347269128491783
agnext.in: 0.18259996929132152
sencorpwhite.com: 0.18160198208778155
farmplan.co.uk: 0.18133590041430384
hcss.com: 0.18069793334675924
fleetcomplete.com: 0.1766473388504166
skywave.com: 0.17377539548934173
sepialine.com: 0.16561831538930347
