elementanalytics.com: 0.28665269691109463
bespokemetrics.com: 0.27757892074003265
skylabanalytics.com: 0.2518192243035524
lucidiate.com: 0.2459741852625987
thingtrax.com: 0.23644471683721444
zdaly.com: 0.23446478814071547
resson.com: 0.23446383101559753
dawex.com: 0.2292900743552288
argyledata.com: 0.22574492894688522
reengen.com: 0.21681911115448124
