neobotix-robots.com: 0.3939030357891339
robotics.kawasaki.com: 0.3251256630287181
motoman.com: 0.2826956925545432
mirle.com.tw: 0.26006067222188983
mujin.co.jp: 0.2589002188725673
sarcos.com: 0.2565416133126738
berkshiregrey.com: 0.252707306414306
micropsi-industries.com: 0.24179852452454598
bwm-gmbh.de: 0.2264740639325136
staubli.com: 0.22540438735031684
