mnubo.com: 0.26260748163948955
1nce.com: 0.2555715772374585
wireless-innovation.co.uk: 0.2415750780225309
nodle.io: 0.2392267672228425
transdev.com: 0.23855590253766012
t-n.ch: 0.2360772316698122
jungo.com: 0.23378938506789496
thingtrax.com: 0.22992634046507388
sensewaves.io: 0.22781066739581018
sinequa.com: 0.2277003628151415
