vexata.com: 0.2850068140440901
zdaly.com: 0.2668202329977096
elementanalytics.com: 0.25534361206415357
raptormaps.com: 0.252095682031178
argyledata.com: 0.2511136069113217
innosep.de: 0.23329916697088796
bespokemetrics.com: 0.23033696168280923
efftronics.com: 0.22998185706900467
icanag.com: 0.22921080144956552
lucidiate.com: 0.2246594753256977
