trustandwill.com: 0.17886430649195573
dojo.co: 0.1707343340813811
arbitrageed.com: 0.1605679296123489
zss-tech.com: 0.1479743988581145
vertiv.com: 0.1436380878532403
orosk.com: 0.1391708730163605
youthfulsavings.com: 0.13844909681388903
brainchipinc.com: 0.13722812857911298
da-com.com: 0.13344221261750866
riskmethods.net: 0.13204814043226443
